Distribution statistics of daily log FX changes (all currencies, weekdays only)
Daily log change = log(level_t) - log(level_{t-1})

currency         p01         p02         p05         p10         p25         p50         p75         p90         p95         p98         p99        mean        std     skewness      kurtosis  n_log_changes
     AED -0.00165419 -0.00097352 -0.00030333 -0.00012703 -0.00004491  0.00000056  0.00004701  0.00012748  0.00033733  0.00099069  0.00158260  0.00000000 0.00061038   0.10206015   56.65201010           6886
     AFA -0.02041510 -0.01607759 -0.01038137 -0.00715027 -0.00321859  0.00000000  0.00332637  0.00748826  0.01044234  0.01356311  0.01938418  0.00002321 0.00679390  -0.00946363    4.29734012            784
     AFN -0.01571739 -0.01178821 -0.00717001 -0.00412423 -0.00097222 -0.00000008  0.00106978  0.00416901  0.00756242  0.01195971  0.01687969  0.00004720 0.00673888   1.69929115  110.45907563           6099
     ALL -0.01732282 -0.01358246 -0.00970982 -0.00674042 -0.00302894 -0.00000243  0.00268572  0.00687413  0.00965769  0.01411757  0.01746141 -0.00007143 0.00732467  -0.34376268  127.63423778           6886
     AMD -0.01472394 -0.01129369 -0.00701297 -0.00427194 -0.00129892 -0.00000785  0.00120269  0.00403418  0.00691145  0.01094184  0.01403321 -0.00004894 0.00571382   5.16630885  238.12394622           6886
     ANG -0.01423956 -0.01164065 -0.00777779 -0.00508451 -0.00027229  0.00000000  0.00026743  0.00494101  0.00777526  0.01209264  0.01468540  0.00000001 0.00538365   0.00588157   20.31592488           6886
     AOA -0.01834834 -0.01336447 -0.00860509 -0.00552105 -0.00136425  0.00000683  0.00204793  0.00678969  0.01044257  0.01656239  0.02679452  0.00071177 0.01142098  20.06398126  894.55923226           6769
     AOR         NaN         NaN         NaN         NaN         NaN         NaN         NaN         NaN         NaN         NaN         NaN         NaN        NaN          NaN           NaN              0
     ARS -0.02011390 -0.01391807 -0.00686581 -0.00301511 -0.00041209  0.00039744  0.00167120  0.00476019  0.00919956  0.01769945  0.02582991  0.00105282 0.01420124  29.54237331 1428.07596714           6886
     ATS -0.01553228 -0.01318378 -0.00995313 -0.00724317 -0.00345143  0.00000000  0.00334867  0.00728464  0.01015230  0.01310034  0.01594312 -0.00002949 0.00614049  -0.14731418    2.53694625           4805
     AUD -0.01835658 -0.01533927 -0.01108988 -0.00810243 -0.00402964 -0.00017108  0.00386258  0.00823875  0.01152428  0.01601001  0.01939035 -0.00001187 0.00753283   0.67497929   10.52637793           6886
     AWG -0.01199986 -0.00984058 -0.00582383 -0.00317254 -0.00015973  0.00000001  0.00015913  0.00317662  0.00616650  0.00992295  0.01179752  0.00000513 0.00423270   0.56808288  124.99687421           6886
     AZM -0.01401576 -0.01141508 -0.00795582 -0.00539779 -0.00221688  0.00000000  0.00228133  0.00543474  0.00801256  0.01156337  0.01424984  0.00009663 0.00798587  23.38462944 1074.24227094           6886
     AZN -0.01195059 -0.00903365 -0.00554244 -0.00321349 -0.00067076  0.00000000  0.00069595  0.00321694  0.00549421  0.00889387  0.01157099  0.00011698 0.00781086  32.88880930 1520.66075881           5290
     BAM -0.01547156 -0.01332651 -0.00954675 -0.00683828 -0.00307046  0.00000000  0.00307612  0.00680255  0.00961282  0.01342854  0.01577979 -0.00001082 0.00640445  -0.00523104   20.63874827           6886
     BBD -0.01477269 -0.01209810 -0.00840914 -0.00575392 -0.00130051  0.00000000  0.00134498  0.00574142  0.00841138  0.01234139  0.01453598  0.00000539 0.00558531   0.03339882   48.83044664           6886
     BDT -0.01503162 -0.01073126 -0.00477188 -0.00224847 -0.00044356  0.00000012  0.00056725  0.00243741  0.00501425  0.01102923  0.01651550  0.00012753 0.00523915   2.18307830   60.95626011           6886
     BEF -0.01553013 -0.01318676 -0.00995662 -0.00724539 -0.00345383  0.00000000  0.00335018  0.00728410  0.01015229  0.01310179  0.01593992 -0.00002949 0.00614054  -0.14726160    2.53670082           4805
     BGN -0.01550308 -0.01257730 -0.00926867 -0.00680631 -0.00326726 -0.00001552  0.00314483  0.00677820  0.00955653  0.01285696  0.01552369 -0.00002031 0.00596344  -0.13517765    6.17460794           6886
     BHD -0.00230304 -0.00148646 -0.00075313 -0.00041625 -0.00014517  0.00000043  0.00015021  0.00043554  0.00076981  0.00143821  0.00227665  0.00000002 0.00089529   0.02302653  123.75335370           6886
     BIF -0.01728815 -0.01346859 -0.00929314 -0.00553219 -0.00093877  0.00003260  0.00137431  0.00568330  0.00971931  0.01481325  0.02062329  0.00022534 0.00839737   7.32724471  282.62470180           6886
     BMD  0.00000000  0.00000000  0.00000000  0.00000000  0.00000000  0.00000000  0.00000000  0.00000000  0.00000000  0.00000000  0.00000000  0.00000000 0.00013271   0.45545545 1324.74914525           6886
     BND -0.01284968 -0.01012012 -0.00709353 -0.00461689 -0.00194354 -0.00000571  0.00191647  0.00444893  0.00683369  0.00986583  0.01298361 -0.00003760 0.00514227  -0.30019875  181.61164237           6886
     BOB -0.01320730 -0.00990674 -0.00536182 -0.00155516 -0.00030401  0.00000096  0.00099066  0.00193206  0.00530386  0.01002743  0.01311344  0.00002277 0.00400221  -0.25703215   23.74864265           6886
     BRL -0.02572595 -0.02060871 -0.01465159 -0.01054198 -0.00491170  0.00000000  0.00500930  0.01082250  0.01559756  0.02215121  0.02695145  0.00014952 0.00996553   0.02812783   10.20726556           6886
     BSD -0.00602115 -0.00498522 -0.00105382 -0.00025998  0.00000000  0.00000000  0.00000000  0.00034734  0.00105181  0.00498667  0.00601631 -0.00000000 0.00187920  -0.17801265   40.18655872           6886
     BTN -0.01725559 -0.01319348 -0.00923226 -0.00651317 -0.00271877  0.00002987  0.00295540  0.00682780  0.00978545  0.01332566  0.01691754  0.00011496 0.00641391  -0.02899128   15.03786354           6886
     BWP -0.01773706 -0.01428458 -0.00983200 -0.00687045 -0.00289676  0.00000022  0.00306982  0.00704599  0.01051887  0.01548935  0.02118403  0.00015098 0.00709164   1.45080245   28.00135072           6886
     BYB -0.00596726 -0.00596726 -0.00596726 -0.00596726 -0.00596726 -0.00596726 -0.00596726 -0.00596726 -0.00596726 -0.00596726 -0.00596726 -0.00596726        NaN          NaN           NaN              1
     BYN -0.01298931 -0.00968520 -0.00610992 -0.00395005 -0.00006081  0.00000000  0.00005453  0.00413320  0.00695829  0.01066208  0.01854901  0.00012235 0.05217720   0.31982707 1199.76184371           2582
     BYR -0.02631643 -0.01890158 -0.01098650 -0.00694539 -0.00242989  0.00006865  0.00310065  0.00799531  0.01250938  0.02429127  0.02939575  0.00066824 0.01341044  11.94998762  404.14419091           4302
     BZD -0.01185872 -0.00949683 -0.00593802 -0.00346979 -0.00006322  0.00000000  0.00006251  0.00322293  0.00587763  0.00961115  0.01234362  0.00000668 0.00407536   2.98498676   88.99609757           6886
     CAD -0.01414763 -0.01162310 -0.00804338 -0.00597111 -0.00275169  0.00000000  0.00277180  0.00575423  0.00823222  0.01147537  0.01399446 -0.00000649 0.00526807  -0.04010350    5.59928747           6886
     CDF -0.02284661 -0.01457977 -0.00955356 -0.00635047 -0.00223840  0.00000066  0.00257083  0.00692552  0.01057228  0.01841391  0.02576457  0.00090340 0.05220682  78.24910939 6362.54937578           6878
     CHF -0.01628756 -0.01376038 -0.00991909 -0.00709961 -0.00324779  0.00011550  0.00314036  0.00671149  0.00934629  0.01260047  0.01461070 -0.00010159 0.00622883  -0.84111822   25.25780110           6886
     CLF -0.02257123 -0.01821419 -0.01319575 -0.00972252 -0.00441322 -0.00007571  0.00427111  0.00954473  0.01343844  0.01880642  0.02373001 -0.00006698 0.00943229  -0.51197477   34.38501567           6886
     CLP -0.01877375 -0.01539925 -0.01122378 -0.00813890 -0.00376358  0.00000946  0.00377618  0.00808759  0.01190795  0.01598582  0.02084836  0.00007669 0.00737376  -0.32122698   12.49707587           6886
     CNH -0.00775529 -0.00608536 -0.00423282 -0.00281588 -0.00132641 -0.00000919  0.00138086  0.00292546  0.00438921  0.00610074  0.00752118  0.00002047 0.00278691   0.20882014    9.78604299           3734
     CNY -0.00643471 -0.00496294 -0.00302532 -0.00182848 -0.00063848 -0.00000218  0.00053886  0.00175672  0.00301853  0.00500562  0.00672424 -0.00002887 0.00206647  -0.19227341   11.75293358           6886
     COP -0.02072287 -0.01704036 -0.01207719 -0.00843584 -0.00365794  0.00000000  0.00358244  0.00884664  0.01285732  0.01785697  0.02227117  0.00009641 0.00782739   0.16113125    4.90951973           6886
     CRC -0.01466635 -0.01150950 -0.00729613 -0.00486568 -0.00160608 -0.00000038  0.00158823  0.00510073  0.00769900  0.01218198  0.01577476  0.00006267 0.00528544   0.46254447   17.00107887           6886
     CUP -0.01221089 -0.00935739 -0.00581069 -0.00304857 -0.00011495  0.00000000  0.00012655  0.00309157  0.00590728  0.00936556  0.01141555  0.00002047 0.05369180   3.98932064 3417.29716384           6886
     CVE -0.02463603 -0.01596323 -0.01027048 -0.00684228 -0.00273202 -0.00000014  0.00269623  0.00698432  0.01057346  0.01606655  0.02339759 -0.00002014 0.00886491  -1.37792071   58.27004064           6886
     CYP -0.01607328 -0.01394145 -0.01033615 -0.00748234 -0.00352285  0.00001145  0.00341365  0.00750844  0.01039839  0.01327129  0.01659047 -0.00002649 0.00635406  -0.16316431    2.88952298           4805
     CZK -0.01782830 -0.01477891 -0.01106344 -0.00795282 -0.00374042 -0.00011221  0.00360314  0.00793576  0.01091271  0.01478308  0.01819721 -0.00007734 0.00692811  -0.02766926    4.10819762           6886
     DEM -0.01552637 -0.01318478 -0.00994487 -0.00725031 -0.00345345  0.00000000  0.00336476  0.00727918  0.01015268  0.01309394  0.01595909 -0.00002948 0.00614011  -0.14696978    2.53731125           4805
     DJF -0.01634871 -0.01308768 -0.00844776 -0.00582841 -0.00124353  0.00000000  0.00125003  0.00575202  0.00839885  0.01275928  0.01582456  0.00000600 0.00698563   2.63532073  126.43731905           6886
     DKK -0.01471660 -0.01250825 -0.00918093 -0.00664330 -0.00312052  0.00002851  0.00301532  0.00656705  0.00932394  0.01248407  0.01495768 -0.00001903 0.00565003  -0.15675129    2.89989424           6886
     DOP -0.02887000 -0.01912233 -0.01037484 -0.00638429 -0.00161234  0.00000689  0.00196280  0.00659750  0.01071452  0.01982167  0.03010556  0.00019307 0.01066805   2.43160218   81.79490020           6886
     DZD -0.02138355 -0.01530184 -0.00988155 -0.00585446 -0.00218657  0.00003053  0.00236219  0.00605051  0.00990461  0.01594175  0.02089713  0.00009675 0.00672666   0.02133269   10.55315293           6886
     ECS -0.01361532 -0.01120623 -0.00785823 -0.00540743 -0.00188135  0.00000000  0.00195894  0.00552228  0.00804069  0.01119535  0.01396743  0.00004297 0.00547973   1.41208432   48.25006890           6886
     EEK -0.01550275 -0.01338527 -0.01002331 -0.00719850 -0.00348884  0.00000000  0.00337467  0.00737603  0.01003466  0.01311842  0.01619321 -0.00002946 0.00614653  -0.12189437    2.46616091           4805
     EGP -0.01069301 -0.00711561 -0.00373279 -0.00215761 -0.00057805  0.00000295  0.00065901  0.00241190  0.00454262  0.00851530  0.01268823  0.00039563 0.00965161  33.00137492 1454.48027944           6886
     ESP -0.01553188 -0.01318482 -0.00995656 -0.00724540 -0.00345306  0.00000000  0.00335106  0.00728472  0.01015314  0.01310208  0.01593994 -0.00002949 0.00614053  -0.14721322    2.53659394           4805
     ETB -0.02141308 -0.01505287 -0.01012794 -0.00671121 -0.00194500  0.00016604  0.00246533  0.00733834  0.01103687  0.01706351  0.02295161  0.00043716 0.00878051   7.79380428  203.22741418           6886
     EUR -0.01472337 -0.01246825 -0.00921292 -0.00664350 -0.00312538  0.00002320  0.00302219  0.00654728  0.00935939  0.01238121  0.01520960 -0.00001959 0.00566749  -0.15075879    2.85796683           6886
     FIM -0.01552310 -0.01319733 -0.00995208 -0.00724492 -0.00345613  0.00000000  0.00335271  0.00729145  0.01015238  0.01311008  0.01593510 -0.00002949 0.00614063  -0.14729587    2.53770350           4805
     FJD -0.01825516 -0.01477513 -0.01043487 -0.00704680 -0.00293364  0.00000000  0.00291206  0.00691400  0.00999543  0.01403297  0.01832270  0.00001693 0.00711768   5.53798734  178.33870845           6886
     FRF -0.01552505 -0.01318552 -0.00995047 -0.00724937 -0.00344802  0.00000000  0.00335008  0.00728972  0.01015166  0.01310307  0.01594416 -0.00002949 0.00614046  -0.14726235    2.53629720           4805
     GBP -0.01402709 -0.01186618 -0.00886210 -0.00646257 -0.00315690 -0.00006504  0.00318654  0.00669964  0.00913876  0.01201359  0.01457837  0.00002743 0.00577413   0.42287720    9.60998632           6886
     GEL -0.01857220 -0.01292003 -0.00849102 -0.00519174 -0.00158994 -0.00002551  0.00155885  0.00545221  0.00901213  0.01383432  0.01969384  0.00004615 0.00683128  -2.16006447  131.52793353           6886
     GHC -0.02952434 -0.01977853 -0.01270485 -0.00625954 -0.00154983  0.00000190  0.00233589  0.00825333  0.01340299  0.02231062  0.03065831  0.00050526 0.00893392   0.61719368   13.61434297           1952
     GHS -0.03359937 -0.02321774 -0.01383474 -0.00773087 -0.00202099  0.00003951  0.00318369  0.00928573  0.01482267  0.02516867  0.03443086  0.00050882 0.01141124  -0.86448740   40.90169451           6886
     GMD -0.04496602 -0.03069521 -0.01489858 -0.00769835 -0.00106974  0.00000179  0.00157172  0.00853470  0.01607303  0.03375710  0.04584680  0.00027136 0.01344667  -0.17821261   28.12524488           6886
     GNF -0.02773412 -0.01823416 -0.01024756 -0.00603281 -0.00118327  0.00000000  0.00138421  0.00686223  0.01110264  0.01971614  0.03148576  0.00027005 0.01216043  -7.69065080  442.26458715           6886
     GRD -0.01553316 -0.01315056 -0.00995653 -0.00725126 -0.00343909  0.00000000  0.00336506  0.00726590  0.01015771  0.01312048  0.01593992 -0.00002277 0.00613770  -0.14590911    2.53049950           4805
     GTQ -0.01038165 -0.00703780 -0.00374200 -0.00201114 -0.00057550 -0.00000496  0.00045544  0.00201990  0.00385392  0.00758264  0.01036806  0.00000493 0.00517228   0.46671605  210.56332225           6886
     GYD -0.01470954 -0.01299459 -0.00798948 -0.00518469 -0.00151964  0.00000078  0.00170998  0.00509573  0.00817504  0.01312530  0.01535393  0.00002302 0.00546220   0.25160066   13.60480745           6886
     HKD -0.00132970 -0.00103874 -0.00064062 -0.00040893 -0.00014176  0.00000261  0.00016320  0.00042281  0.00062570  0.00094119  0.00119071  0.00000112 0.00043046  -1.24631521   20.74885759           6886
     HNL -0.01387981 -0.01099758 -0.00686303 -0.00347051 -0.00048497  0.00000048  0.00041900  0.00381851  0.00743624  0.01185643  0.01482249  0.00008840 0.00525754   0.87467203   77.69306859           6886
     HRK -0.01667242 -0.01360937 -0.00996136 -0.00688702 -0.00315521  0.00000071  0.00310285  0.00693856  0.00979432  0.01341442  0.01577776 -0.00001221 0.00615206   0.09694745    7.91149082           6000
     HTG -0.02646528 -0.01824399 -0.01132885 -0.00747388 -0.00194238  0.00000000  0.00195460  0.00815454  0.01293311  0.02367248  0.03422381  0.00029444 0.01425117  -6.19707109  327.13397466           6886
     HUF -0.02276392 -0.01796575 -0.01314579 -0.00958897 -0.00452841 -0.00006682  0.00442671  0.00969629  0.01375709  0.01899680  0.02371659  0.00002922 0.00848391   0.10580507    3.56345844           6886
     IDR -0.01630454 -0.01265263 -0.00811697 -0.00514934 -0.00191349  0.00004456  0.00217616  0.00524665  0.00808651  0.01262649  0.01801520  0.00013492 0.00596864   0.62150859   27.08423508           6886
     IEP -0.01556400 -0.01321523 -0.00996455 -0.00721058 -0.00345027  0.00000000  0.00335205  0.00727026  0.01015689  0.01311371  0.01590760 -0.00002949 0.00614147  -0.14668387    2.53727273           4805
     ILS -0.01368995 -0.01131551 -0.00791420 -0.00565460 -0.00260702 -0.00010942  0.00243151  0.00563017  0.00795063  0.01095507  0.01393772 -0.00005385 0.00502260   0.22532832    4.33751628           6886
     INR -0.01026660 -0.00831284 -0.00551129 -0.00368201 -0.00147736 -0.00000044  0.00158220  0.00418388  0.00625667  0.00895529  0.01178652  0.00011446 0.00383745   0.23587487    9.52314481           6886
     IQD -0.01845273 -0.01254679 -0.00759286 -0.00485311 -0.00107437 -0.00000294  0.00087895  0.00483748  0.00762077  0.01295299  0.01701323  0.00121473 0.10109653  77.99159345 6337.01691224           6882
     IRR -0.01384750 -0.01026828 -0.00630848 -0.00361775 -0.00040747  0.00000000  0.00059419  0.00389380  0.00673813  0.01150560  0.01655867  0.00092315 0.04328406  62.79462024 4294.50917518           6884
     ISK -0.01827383 -0.01477761 -0.01065038 -0.00777350 -0.00374892  0.00000000  0.00371600  0.00793420  0.01110143  0.01528120  0.02031349  0.00007754 0.01442623  11.85161505 1915.76853279           6886
     ITL -0.01553189 -0.01318489 -0.00995648 -0.00724528 -0.00345270  0.00000000  0.00335137  0.00728493  0.01015298  0.01310222  0.01593977 -0.00002949 0.00614047  -0.14729115    2.53664207           4805
     JMD -0.01952440 -0.01387750 -0.00915184 -0.00612895 -0.00194847  0.00000687  0.00204667  0.00650156  0.01006825  0.01571779  0.02212111  0.00019835 0.00732955   0.64492841   34.80437611           6886
     JOD -0.00293111 -0.00202971 -0.00130238 -0.00077712 -0.00025304 -0.00000307  0.00024185  0.00077626  0.00132678  0.00200369  0.00292692 -0.00000022 0.00127082   0.70877798  159.06428174           6886
     JPY -0.01736615 -0.01367075 -0.00982165 -0.00694361 -0.00301984  0.00015923  0.00345598  0.00690331  0.00928480  0.01292522  0.01599184  0.00006558 0.00611920  -0.35447192    4.04972509           6886
     KES -0.01178213 -0.00887894 -0.00504715 -0.00273771 -0.00071473  0.00004485  0.00102706  0.00281978  0.00481329  0.00882945  0.01260068  0.00008377 0.00415240  -0.17154032   32.47979532           6886
     KGS -0.01833847 -0.01271577 -0.00826363 -0.00495308 -0.00122771  0.00000355  0.00141275  0.00505684  0.00849017  0.01304717  0.01930979  0.00007696 0.00657579   0.07379370   54.49973621           6782
     KHR -0.01568084 -0.01217093 -0.00796092 -0.00492664 -0.00143518  0.00000122  0.00144766  0.00492036  0.00800448  0.01217309  0.01581209  0.00001129 0.00530386  -0.03328797   14.18865138           6886
     KMF -0.02041467 -0.01532354 -0.01002362 -0.00692566 -0.00271442 -0.00001648  0.00261147  0.00700365  0.01025630  0.01574710  0.02094501 -0.00001860 0.00707303  -0.00798954   13.08490142           6886
     KPW -0.01499032 -0.01199838 -0.00824123 -0.00513780 -0.00081441  0.00000000  0.00074235  0.00530905  0.00836047  0.01182333  0.01440562  0.00087443 0.07884671  65.28606111 5068.83908087           6886
     KRW -0.01627288 -0.01252399 -0.00864710 -0.00608134 -0.00273387  0.00000000  0.00272946  0.00626445  0.00887950  0.01286394  0.01642997  0.00004201 0.00629319  -0.51399544   32.06734996           6886
     KWD -0.00456068 -0.00350378 -0.00227448 -0.00161761 -0.00067856 -0.00000592  0.00071656  0.00162632  0.00234546  0.00341315  0.00456168  0.00000214 0.00203581   0.07008594  106.49846368           6886
     KYD -0.01400253 -0.01228723 -0.00877103 -0.00564558 -0.00088648  0.00000032  0.00095795  0.00554770  0.00858685  0.01226327  0.01433941 -0.00000113 0.00516423   0.01635955    7.99745295           6886
     KZT -0.01399231 -0.01097290 -0.00742720 -0.00452450 -0.00120101  0.00000160  0.00126773  0.00454419  0.00746245  0.01180199  0.01721749  0.00018073 0.00690406  12.98938828  402.16128374           6886
     LAK -0.01556724 -0.01126395 -0.00658736 -0.00340688 -0.00093168  0.00000498  0.00105690  0.00378195  0.00696053  0.01157694  0.01659985  0.00017593 0.00805093   6.10260975  810.00613774           6886
     LBP -0.00539142 -0.00444220 -0.00292366 -0.00159329 -0.00031544  0.00000000  0.00030898  0.00159996  0.00289394  0.00446963  0.00563369  0.00059330 0.03510585  59.77015683 3630.83182550           6886
     LKR -0.01175000 -0.00883305 -0.00503351 -0.00264596 -0.00063782  0.00004627  0.00094628  0.00322188  0.00548075  0.00922509  0.01286478  0.00021773 0.00442839   5.27819076  143.97154862           6886
     LRD -0.01979290 -0.01098955 -0.00468274 -0.00137187 -0.00004359  0.00000005  0.00028486  0.00270392  0.00611867  0.01101980  0.02047557  0.00023745 0.08849880   0.04693043 1700.67318744           6886
     LSL -0.03067030 -0.02405563 -0.01638335 -0.01128102 -0.00490163 -0.00000595  0.00475149  0.01176172  0.01765752  0.02704565  0.03543253  0.00014386 0.01192774   0.25405149   29.64538555           6886
     LTL -0.01508858 -0.01276429 -0.00938993 -0.00664789 -0.00289775  0.00000000  0.00263757  0.00659679  0.00936810  0.01270602  0.01564877 -0.00006330 0.00575289  -0.08039035    3.94027561           4805
     LUF -0.01553013 -0.01318676 -0.00995662 -0.00724539 -0.00345192  0.00000000  0.00335018  0.00728410  0.01015229  0.01310179  0.01593992 -0.00002949 0.00614008  -0.14775823    2.53724290           4805
     LVL -0.01696630 -0.01311108 -0.00917235 -0.00591750 -0.00258465 -0.00003205  0.00242272  0.00609443  0.00939322  0.01379875  0.01696854  0.00000589 0.00611766   0.06566230   18.39497279           4805
     LYD -0.01823068 -0.01273279 -0.00800250 -0.00508222 -0.00181186 -0.00001647  0.00181125  0.00537211  0.00843050  0.01362653  0.02035179  0.00038253 0.01878440  45.69157706 2698.01158044           6886
     MAD -0.01136319 -0.00966822 -0.00683286 -0.00494860 -0.00234915 -0.00000596  0.00225071  0.00502526  0.00717842  0.00948806  0.01136653 -0.00001208 0.00436004   0.06160527    5.47371388           6886
     MDL -0.01548404 -0.01210813 -0.00739461 -0.00459807 -0.00169008 -0.00001149  0.00186053  0.00479420  0.00753386  0.01214249  0.01647094  0.00005779 0.00541198   0.28059947   19.83433546           6886
     MGA -0.02708921 -0.01866390 -0.01080750 -0.00689117 -0.00235063  0.00003354  0.00251229  0.00697064  0.01154603  0.01956013  0.02648976  0.00013706 0.00992762   0.04028392   33.77569084           5522
     MGF -0.03458795 -0.02496496 -0.01326883 -0.00808519 -0.00365611  0.00005823  0.00384585  0.00821615  0.01299737  0.02374469  0.03771783  0.00031565 0.01298489   4.33945841   71.21810296           1307
     MKD -0.01914189 -0.01393763 -0.00974887 -0.00673696 -0.00280185 -0.00000045  0.00266685  0.00658323  0.00981232  0.01452890  0.01924887 -0.00001655 0.00689306   0.72773578   28.90621598           6886
     MMK -0.01590263 -0.01277041 -0.00816114 -0.00499196 -0.00091002  0.00000025  0.00103299  0.00513848  0.00853200  0.01341632  0.01648763  0.00083797 0.05566660  81.19165060 6686.98592421           6886
     MNT -0.01313489 -0.00872940 -0.00505365 -0.00274617 -0.00061112  0.00000171  0.00076460  0.00334523  0.00626953  0.01074090  0.01407347  0.00017612 0.00470367   0.14184117   65.23378439           6886
     MOP -0.01253656 -0.00954637 -0.00565652 -0.00247912 -0.00028329  0.00000974  0.00031832  0.00242613  0.00565510  0.00970256  0.01203579  0.00000193 0.00445828  -1.28649871  126.23817988           6886
     MRO -0.02753354 -0.01885631 -0.00911235 -0.00463028 -0.00044774  0.00000006  0.00055453  0.00478608  0.01009647  0.01880191  0.02696976  0.00009769 0.00832693   2.22456639   46.48571755           4814
     MRU -0.00594226 -0.00326600 -0.00145265 -0.00056676 -0.00003586  0.00000177  0.00004925  0.00078235  0.00197123  0.00454076  0.00679515  0.00005472 0.00217921  -2.79090827  100.55742446           2080
     MTL -0.01544957 -0.01291780 -0.00958300 -0.00683201 -0.00323235  0.00000000  0.00313838  0.00688771  0.00948109  0.01264305  0.01564798 -0.00002311 0.00594619  -0.11533880    3.89964513           4805
     MUR -0.02075846 -0.01672140 -0.01174793 -0.00791813 -0.00300636  0.00000065  0.00318583  0.00812896  0.01199252  0.01629387  0.02097776  0.00009027 0.00720737  -0.01221218    4.05943879           6886
     MVR -0.02617796 -0.01636401 -0.01025165 -0.00701176 -0.00150111  0.00000065  0.00161687  0.00704934  0.01026712  0.01629978  0.03304560  0.00004971 0.00912083   0.78405436   74.04261090           6886
     MWK -0.02321898 -0.01696642 -0.01040202 -0.00591213 -0.00076666  0.00000124  0.00158297  0.00679243  0.01144112  0.01896762  0.02815603  0.00052568 0.01108571  16.05904275  569.93113018           6886
     MXN -0.01739150 -0.01354651 -0.00986199 -0.00711440 -0.00360282 -0.00022878  0.00347088  0.00775727  0.01121104  0.01590232  0.01961298  0.00008888 0.00696641   0.70674015    8.69364856           6886
     MYR -0.01120263 -0.00861115 -0.00564043 -0.00362796 -0.00117302  0.00000016  0.00131870  0.00361620  0.00570818  0.00812780  0.01043273  0.00000621 0.00358672  -0.42682191    8.19711806           6886
     MZM -0.03172349 -0.02321931 -0.01405126 -0.00764278 -0.00189425  0.00000011  0.00234954  0.00870106  0.01648247  0.02543905  0.03454152  0.00039607 0.01200132   2.07459866   65.72298708           2376
     MZN -0.02909649 -0.02278144 -0.01290083 -0.00659573 -0.00034528  0.00000639  0.00091781  0.00703939  0.01445771  0.02356175  0.03321046  0.00021025 0.01064457   0.58606159   54.47483766           4605
     NAD -0.02532388 -0.01992616 -0.01506358 -0.01135270 -0.00561967 -0.00012552  0.00552196  0.01165714  0.01624673  0.02306462  0.02918235  0.00014323 0.01027151   0.52571302    7.44829639           6886
     NGN -0.02465158 -0.01674837 -0.00911746 -0.00493873 -0.00135175  0.00001165  0.00157040  0.00521916  0.00992237  0.01820860  0.02852550  0.00038046 0.01091595   9.31581862  232.00437978           6886
     NIO -0.02514256 -0.01473595 -0.00823807 -0.00497984 -0.00071630  0.00004845  0.00104372  0.00518767  0.00881635  0.01561494  0.02758034  0.00015952 0.00742300   0.12172942   30.35166589           6886
     NLG -0.01554456 -0.01320035 -0.00994860 -0.00725078 -0.00345084  0.00000000  0.00335257  0.00729830  0.01015112  0.01310670  0.01594929 -0.00002949 0.00614030  -0.14728706    2.53616618           4805
     NOK -0.01863510 -0.01558989 -0.01162231 -0.00850618 -0.00422419 -0.00002234  0.00421321  0.00851873  0.01169371  0.01670589  0.02057215  0.00002237 0.00752983   0.21176557    5.57822515           6886
     NPR -0.02135528 -0.01599122 -0.01000505 -0.00619273 -0.00224660  0.00001976  0.00251296  0.00669813  0.01034192  0.01585482  0.02190100  0.00011755 0.00760376  -0.10072560   27.58798670           6886
     NZD -0.01947031 -0.01550903 -0.01186150 -0.00877311 -0.00446243 -0.00012257  0.00410620  0.00882961  0.01234852  0.01709343  0.02100387 -0.00001569 0.00775307   0.31566314    4.63676435           6886
     OMR -0.00291641 -0.00237956 -0.00118486 -0.00055034 -0.00015715  0.00000000  0.00016196  0.00055637  0.00117172  0.00230791  0.00273650  0.00000003 0.00108038   0.02970644   44.61047305           6886
     PAB -0.00027704 -0.00012685  0.00000000  0.00000000  0.00000000  0.00000000  0.00000000  0.00000000  0.00000000  0.00013225  0.00027847  0.00000000 0.00093021  -0.27892885  645.62617272           6886
     PEN -0.01400035 -0.01061248 -0.00676140 -0.00423740 -0.00152732  0.00000000  0.00162709  0.00429832  0.00672718  0.01028853  0.01360694 -0.00000438 0.00495989  -0.25650977   75.86090209           6886
     PGK -0.03354342 -0.02506283 -0.01361490 -0.00831609 -0.00234950  0.00000352  0.00273718  0.00832006  0.01395181  0.02601643  0.03483321  0.00006981 0.00991642  -0.09386075   10.32857179           6886
     PHP -0.01047733 -0.00818833 -0.00572817 -0.00397972 -0.00186773  0.00000027  0.00193693  0.00433994  0.00607162  0.00868584  0.01041524  0.00006266 0.00417595  -3.08203904   86.12896502           6886
     PKR -0.01079378 -0.00779937 -0.00408187 -0.00237838 -0.00071005  0.00002362  0.00098274  0.00292589  0.00518821  0.00943189  0.01427625  0.00024403 0.00432326   3.97423303  117.02835674           6886
     PLN -0.02042210 -0.01634052 -0.01177894 -0.00865513 -0.00422992 -0.00024401  0.00385379  0.00869941  0.01242853  0.01752998  0.02258129 -0.00001793 0.00790074   0.15903184    5.12852400           6886
     PTE -0.01553210 -0.01318494 -0.00995647 -0.00724502 -0.00345298  0.00000000  0.00335141  0.00728488  0.01015303  0.01310205  0.01593976 -0.00002949 0.00614050  -0.14723562    2.53662939           4805
     PYG -0.01847250 -0.01419806 -0.00867223 -0.00514386 -0.00138639  0.00000012  0.00180392  0.00527366  0.00875221  0.01380696  0.01797394  0.00008979 0.00643516  -1.39975630   55.58651255           6886
     QAR -0.00212064 -0.00122913 -0.00052792 -0.00024081 -0.00006509  0.00000094  0.00006921  0.00025714  0.00054600  0.00121546  0.00189428 -0.00000001 0.00078273  -0.84052660   82.39602029           6886
     ROL -0.01868035 -0.01436623 -0.00954862 -0.00569367 -0.00125837  0.00065401  0.00220040  0.00627255  0.00936995  0.01320288  0.01574089  0.00035519 0.00588680  -0.80565768    8.35357109           1433
     RON -0.01773203 -0.01407695 -0.00965863 -0.00682682 -0.00292926  0.00024987  0.00308880  0.00703543  0.00996768  0.01452125  0.01844378  0.00013249 0.00654551  -0.31471577   12.45454700           6886
     RSD -0.01641029 -0.01308192 -0.00939425 -0.00683957 -0.00312366  0.00004807  0.00321443  0.00700465  0.00995127  0.01376943  0.01678150  0.00008919 0.00637821  -1.21370220   28.09073559           5746
     RUB -0.02810364 -0.01953997 -0.01228323 -0.00749075 -0.00259101  0.00000000  0.00277096  0.00804707  0.01246896  0.02045996  0.02776686  0.00014010 0.01079298   1.88831321   89.34702499           6886
     RWF -0.01856351 -0.01268503 -0.00797842 -0.00455107 -0.00043542  0.00006371  0.00089512  0.00467475  0.00841330  0.01424995  0.02018140  0.00021475 0.00608000   2.64747012   70.05337307           6886
     SAR -0.00103510 -0.00073615 -0.00040431 -0.00022870 -0.00007640  0.00000058  0.00007710  0.00022689  0.00038594  0.00071352  0.00103499  0.00000010 0.00034413   0.40744182   51.89401772           6886
     SBD -0.03019962 -0.02193606 -0.01293374 -0.00855666 -0.00351748  0.00000000  0.00358814  0.00847814  0.01289790  0.02208626  0.03115624  0.00006850 0.01136298  -0.42973239   64.45172732           6886
     SCR -0.03921675 -0.02693885 -0.01712925 -0.01091459 -0.00387492  0.00000056  0.00397821  0.01105144  0.01785824  0.02864868  0.03998615  0.00015325 0.01497680   5.33654850  208.66685233           6886
     SDD -0.02009284 -0.01417892 -0.01009687 -0.00715595 -0.00288114 -0.00000961  0.00305033  0.00751289  0.01041839  0.01517161  0.02005074 -0.00000753 0.00771137  -0.95665514   20.32434922           3077
     SDG -0.00610181 -0.00351559 -0.00176271 -0.00066016 -0.00007593  0.00000000  0.00007912  0.00080998  0.00185345  0.00554313  0.01295094  0.00142403 0.03971775  37.79876708 1617.90740566           3801
     SEK -0.01879997 -0.01569216 -0.01117181 -0.00830042 -0.00397982  0.00005601  0.00407691  0.00820431  0.01134796  0.01543434  0.01830994  0.00001459 0.00712855  -0.15695397    3.06382028           6886
     SGD -0.00856759 -0.00672290 -0.00492506 -0.00356815 -0.00173092 -0.00005717  0.00165971  0.00350627  0.00490978  0.00680810  0.00842757 -0.00003761 0.00317173  -0.08746509    4.60742903           6886
     SIT -0.01601172 -0.01374097 -0.00999280 -0.00696571 -0.00297919  0.00000000  0.00299024  0.00693283  0.00997602  0.01396025  0.01702254  0.00000927 0.00615364  -0.03604049    3.78166660           4805
     SKK -0.01601255 -0.01411997 -0.01077771 -0.00782647 -0.00371651 -0.00002935  0.00358351  0.00768528  0.01056085  0.01380424  0.01669123 -0.00010015 0.00648061  -0.13727374    2.15249311           4805
     SLL -0.03417926 -0.01925610 -0.00944629 -0.00521887 -0.00108283  0.00000000  0.00128211  0.00628297  0.01082853  0.02097509  0.03954221  0.00036100 0.01332109   2.07262738  133.74255019           6886
     SOS -0.02253373 -0.01509034 -0.00936827 -0.00565735 -0.00163201 -0.00000066  0.00129003  0.00510757  0.00879202  0.01335628  0.01928054 -0.00021649 0.00669035   0.15261270   28.13553756           6886
     SRD -0.01431604 -0.01066807 -0.00512574 -0.00278323 -0.00084861  0.00000325  0.00096292  0.00316113  0.00599055  0.01279104  0.01902202  0.00046170 0.01234571  32.50448292 1491.03743599           5842
     SRG -0.01960382 -0.01330949 -0.00879767 -0.00600243 -0.00235692 -0.00000479  0.00251492  0.00656790  0.00948753  0.01324749  0.01877622  0.00109114 0.02709199  26.86181171  798.42023482           1043
     STD -0.02190421 -0.01424845 -0.00877908 -0.00588933 -0.00227718 -0.00000077  0.00219714  0.00613469  0.00931099  0.01430138  0.02202103  0.00031823 0.01667879  34.57791649 1730.90016945           6886
     SVC -0.01184013 -0.00876547 -0.00515096 -0.00171033 -0.00004330  0.00000000  0.00004359  0.00184361  0.00513522  0.00908417  0.01139791  0.00000116 0.00334284  -0.03185318   16.22491915           6886
     SYP -0.01210604 -0.00684302 -0.00262251 -0.00101694 -0.00013269 -0.00000032  0.00006150  0.00140412  0.00407353  0.00925828  0.01482394  0.00013154 0.06305533 -52.95004504 4214.86387940           6886
     SZL -0.02868756 -0.02142434 -0.01533627 -0.01150730 -0.00572129 -0.00000559  0.00557309  0.01198957  0.01691242  0.02379765  0.03116416  0.00014277 0.01288746   0.56708272  259.44003713           6886
     THB -0.01056752 -0.00832443 -0.00590723 -0.00410250 -0.00183257 -0.00005610  0.00183256  0.00409891  0.00595206  0.00838205  0.01018422 -0.00001796 0.00389604   0.39932432   15.85107459           6886
     TJS -0.01820445 -0.01396546 -0.00884272 -0.00538310 -0.00141077  0.00000670  0.00162511  0.00636566  0.00951486  0.01375503  0.01849527  0.00021032 0.00662547   2.88756522   64.07898166           5709
     TND -0.01359197 -0.01093315 -0.00778217 -0.00550212 -0.00245737  0.00005062  0.00273573  0.00577266  0.00788935  0.01070066  0.01333617  0.00012109 0.00503228   0.18337086    5.49972531           6886
     TOP -0.02319314 -0.01766902 -0.01107508 -0.00664239 -0.00164829  0.00000079  0.00174412  0.00681473  0.01076721  0.01797359  0.02419707  0.00006402 0.00823219   2.51196103   84.23833632           6886
     TRL -0.03127347 -0.02134564 -0.01367046 -0.01011093 -0.00434051  0.00008661  0.00406164  0.01059551  0.01698410  0.02933847  0.03842169  0.00065505 0.01645369   9.03493915  215.41996127           1359
     TRY -0.02350865 -0.01727087 -0.01165922 -0.00808701 -0.00313066  0.00034829  0.00370131  0.00923550  0.01426379  0.02186378  0.02997737  0.00064525 0.01171713   1.55676307  298.11182739           6886
     TTD -0.01523949 -0.01257019 -0.00810309 -0.00528440 -0.00149865  0.00000013  0.00163179  0.00505046  0.00780354  0.01229808  0.01517870  0.00001245 0.00544977   0.19025853   14.55522170           6886
     TWD -0.00874915 -0.00701249 -0.00496504 -0.00330205 -0.00135990  0.00001042  0.00147051  0.00333256  0.00473276  0.00658980  0.00839944  0.00000033 0.00333328  -0.93270344   31.35259295           6886
     TZS -0.01359579 -0.01002791 -0.00588943 -0.00323127 -0.00056063  0.00000086  0.00100965  0.00386396  0.00645347  0.01057960  0.01533119  0.00017157 0.00546122  -1.31978773  105.57410992           6886
     UAH -0.02294982 -0.01482335 -0.00707754 -0.00406614 -0.00099241  0.00000254  0.00122933  0.00441117  0.00850577  0.01820358  0.02621047  0.00031100 0.01094409   6.06093307  325.68457079           6886
     UGX -0.01547017 -0.01097106 -0.00605590 -0.00363320 -0.00099681  0.00000000  0.00112571  0.00417344  0.00685635  0.01216780  0.01674096  0.00013344 0.00571943   0.13384115   49.82557957           6886
     USD  0.00000000  0.00000000  0.00000000  0.00000000  0.00000000  0.00000000  0.00000000  0.00000000  0.00000000  0.00000000  0.00000000  0.00000000 0.00000000   0.00000000    0.00000000           6886
     UYU -0.02135656 -0.01506351 -0.00912319 -0.00518053 -0.00158031  0.00000000  0.00164692  0.00549795  0.00944415  0.01762346  0.02568666  0.00017946 0.00757159   2.08522135   60.38923273           6886
     UZS -0.01682590 -0.01245400 -0.00877805 -0.00594525 -0.00218702  0.00002703  0.00247349  0.00670904  0.00988654  0.01477725  0.02020609  0.00042245 0.01067747  34.18724298 2072.59265336           6882
     VEB -0.02719862 -0.01591243 -0.00660130 -0.00245895 -0.00054644  0.00005824  0.00090856  0.00372267  0.01039918  0.02115472  0.03453041  0.00061703 0.01102333   3.70733057  139.74364193           2415
     VEF -0.01221069 -0.00586767 -0.00204888 -0.00109401 -0.00019491  0.00000218  0.00045499  0.00137456  0.00279779  0.01149815  0.02711159  0.00265114 0.11377402  67.19584594 4615.43267265           4844
     VES -0.02338790 -0.01483146 -0.00595383 -0.00205591 -0.00002408  0.00132700  0.00775367  0.01928592  0.03810478  0.09069533  0.16791041  0.00312749 0.31226187 -40.96118566 1837.85845122           2080
     VND -0.00680538 -0.00427479 -0.00242928 -0.00135506 -0.00036789  0.00000929  0.00047220  0.00145418  0.00259784  0.00488643  0.00837221  0.00009137 0.00476532   0.94535743  329.91423681           6886
     VUV -0.02724795 -0.02256737 -0.01433236 -0.00799850 -0.00256629 -0.00000060  0.00266028  0.00776411  0.01400971  0.02247622  0.02856742 -0.00001407 0.00899619  -0.37717928   11.96240546           6886
     WST -0.03628257 -0.02805400 -0.01796998 -0.01001471 -0.00255837 -0.00000000  0.00245510  0.01044293  0.01756520  0.02842739  0.03573357 -0.00001916 0.01133644   0.18579159   11.04909490           6886
     XAF -0.01690409 -0.01406696 -0.01009217 -0.00729274 -0.00343648 -0.00000686  0.00337801  0.00720913  0.01007086  0.01350816  0.01668509 -0.00002067 0.00635488   0.04857511    4.10588608           6886
     XCD -0.01601517 -0.01167660 -0.00738564 -0.00415998 -0.00026565  0.00000002  0.00038109  0.00404636  0.00723684  0.01141831  0.01566819  0.00000425 0.00527272   0.51434315   33.01173850           6886
     XOF -0.01626039 -0.01341719 -0.00968394 -0.00698394 -0.00321390  0.00002726  0.00312290  0.00678545  0.00978092  0.01309665  0.01595370 -0.00001959 0.00621167   0.09502581   18.94001715           6886
     XPF -0.01993994 -0.01570444 -0.01042964 -0.00724210 -0.00309770 -0.00000722  0.00305177  0.00718639  0.01055553  0.01585919  0.02112280 -0.00001982 0.00718336   0.09285332   10.27747535           6886
     YER -0.01300637 -0.00904508 -0.00568179 -0.00333484 -0.00047925 -0.00000023  0.00047064  0.00334514  0.00566925  0.00991624  0.01334180  0.00005935 0.00496521   4.18423190  156.96092214           6886
     YUD -0.02502520 -0.01746342 -0.01124833 -0.00800512 -0.00360871 -0.00018000  0.00334052  0.00751772  0.01063764  0.01828592  0.02660539  0.00155014 0.05409331  30.93351911  977.06797397           1019
     ZAR -0.02482937 -0.01972673 -0.01493549 -0.01124333 -0.00583859 -0.00010410  0.00560154  0.01187377  0.01669865  0.02256990  0.02734875  0.00014315 0.01007255   0.27220416    4.53108502           6886
     ZMK -0.03561319 -0.02651612 -0.01681243 -0.01139983 -0.00438075  0.00000084  0.00487489  0.01189787  0.01810429  0.02738684  0.03437668  0.00020985 0.01237145  -0.79949886   16.02203023           3382
     ZMW -0.03421945 -0.02115560 -0.01220071 -0.00717404 -0.00171632  0.00057621  0.00374184  0.00763708  0.01108590  0.01684511  0.02146256  0.00034115 0.00947633  -1.40282443   37.37184468           4016
     ZWD -0.01454473 -0.01015949 -0.00571011 -0.00261811 -0.00007970  0.00000005  0.00060606  0.00537652  0.01203500  0.05507212  0.12495827  0.00044715 0.29464521 -24.75519465 1007.13686688           5013
     ZWL -0.01316106 -0.01041768 -0.00712086 -0.00475875 -0.00169814 -0.00000981  0.00180302  0.00482849  0.00733211  0.01026302  0.01307342 -0.00003191 0.00523749  -7.95348504  242.55752406           3562
